{
    "image_size": {
        "type_id": "opencv-matrix",
        "rows": 2,
        "cols": 1,
        "dt": "d",
        "data": [ 3280.0, 2464.0 ]
    },
    "camera_matrix": {
        "type_id": "opencv-matrix",
        "rows": 3,
        "cols": 3,
        "dt": "d",
        "data": [ 2581.3448668051556, 0.0, 1674.2618694524019, 0.0,
            2578.3426803280481, 1252.0315858857005, 0.0, 0.0, 1.0 ]
    },
    "distortion_coefficients": {
        "type_id": "opencv-matrix",
        "rows": 1,
        "cols": 5,
        "dt": "d",
        "data": [ 0.16261646287241829, -0.28511547591749564,
            -0.002914337847880684, 0.0015234817988052742,
            0.022016565711702508 ]
    },
    "new_camera_matrix": {
        "type_id": "opencv-matrix",
        "rows": 3,
        "cols": 3,
        "dt": "d",
        "data": [ 2555.5801888623459, 0.0, 1687.9724659104818, 0.0,
            2541.8540968549664, 1244.1404284304549, 0.0, 0.0, 1.0 ]
    }
}
